{
    "scale": 0.01,
    "x": -0.7336438924199521;
    "x": 0.2455211406714035;
}
